From_node,To_node,d
1,1,0
1,2,3.193431
1,3,9.020243
1,4,15.236471
1,5,10.391543
1,6,13.273298
1,7,8.562896
1,8,5.993279
1,9,3.14944
1,10,5.067476
1,11,10.169714
1,12,12.207395
1,13,15.726278
1,14,9.135655
1,15,7.900927
1,16,6.520857
1,17,11.684563
1,18,16.965683
1,19,7.305783
1,20,8.882461
1,21,10.721986
1,22,12.367938
1,23,10.076111
1,24,10.184837
1,25,10.766223
1,26,10.734376
1,27,14.779791
1,28,15.911178
1,29,12.72379
1,30,12.767745
1,31,14.138422
1,32,16.505241
1,33,17.918018
1,34,13.864736
1,35,14.414162
1,36,15.807667
1,37,15.453744
1,38,15.096059
1,39,15.962686
1,40,17.978849
1,41,19.326944
1,42,17.256464
1,43,18.323914
1,44,20.513287
1,45,22.118629
1,46,18.621132
1,47,18.697021
1,48,19.126669
1,49,21.065115
1,50,20.266466
1,51,21.506281
1,52,24.213987
1,53,20.915154
1,54,21.650295
1,55,22.88036
1,56,16.20294
1,57,12.706702
1,58,13.404485
1,59,14.120017
2,1,3.193431
2,2,0
2,3,5.879619
2,4,12.052131
2,5,7.21629
2,6,10.087769
2,7,5.443678
2,8,3.193665
2,9,4.955332
2,10,4.194243
2,11,7.339187
2,12,9.125842
2,13,12.682218
2,14,6.704188
2,15,6.223835
2,16,7.039748
2,17,9.179542
2,18,14.167658
2,19,8.743548
2,20,8.194602
2,21,8.884611
2,22,10.275105
2,23,10.605093
2,24,9.999267
2,25,10.035112
2,26,9.468384
2,27,12.619596
2,28,13.481758
2,29,13.500715
2,30,12.867043
2,31,12.784205
2,32,14.506934
2,33,15.589161
2,34,14.302715
2,35,13.48104
2,36,14.488719
2,37,16.214708
2,38,14.768244
2,39,15.305946
2,40,16.296886
2,41,17.298037
2,42,16.964657
2,43,17.045685
2,44,18.9186
2,45,20.227137
2,46,17.86199
2,47,19.28191
2,48,19.209896
2,49,19.848812
2,50,19.969933
2,51,20.665604
2,52,22.626919
2,53,21.509192
2,54,21.910934
2,55,22.742821
2,56,16.380724
2,57,11.976989
2,58,11.514865
2,59,11.309501
3,1,9.020243
3,2,5.879619
3,3,0
3,4,6.285703
3,5,2.656261
3,6,4.821548
3,7,2.821581
3,8,4.730701
3,9,10.57272
3,10,8.18345
3,11,5.320815
3,12,5.04831
3,13,8.353694
3,14,6.4779
3,15,8.033098
3,16,11.497381
3,17,7.759196
3,18,10.814621
3,19,13.756107
3,20,10.978715
3,21,9.381715
3,22,9.784222
3,23,14.54381
3,24,13.128349
3,25,12.355275
3,26,10.989179
3,27,11.503617
3,28,11.466933
3,29,17.463348
3,30,16.015633
3,31,13.520011
3,32,13.558482
3,33,13.636367
3,34,17.77935
3,35,14.92743
3,36,15.074857
3,37,19.983784
3,38,17.097603
3,39,17.041414
3,40,15.913657
3,41,15.996522
3,42,19.169357
3,43,17.459761
3,44,18.515608
3,45,19.055769
3,46,19.20277
3,47,22.66161
3,48,21.861914
3,49,20.180557
3,50,21.974722
3,51,21.674513
3,52,22.020433
3,53,24.809504
3,54,24.706116
3,55,24.875031
3,56,19.34577
3,57,13.978573
3,58,11.279428
3,59,8.265549
4,1,15.236471
4,2,12.052131
4,3,6.285703
4,4,0
4,5,5.22672
4,6,2.680561
4,7,7.206295
4,8,10.06569
4,9,16.415686
4,10,13.391253
4,11,7.697058
4,12,5.032726
4,13,5.288299
4,14,9.695122
4,15,12.05085
4,16,16.51993
4,17,9.186544
4,18,8.485074
4,19,19.004608
4,20,14.943897
4,21,11.968135
4,22,11.326077
4,23,18.915577
4,24,17.024448
4,25,15.734069
4,26,13.99236
4,27,11.864273
4,28,10.780152
4,29,21.639904
4,30,19.614056
4,31,15.319016
4,32,13.623376
4,33,12.510077
4,34,21.514791
4,35,17.162067
4,36,16.471033
4,37,23.841257
4,38,19.876303
4,39,19.280937
4,40,16.187632
4,41,15.237401
4,42,21.645258
4,43,18.361059
4,44,18.434877
4,45,18.063795
4,46,20.846413
4,47,26.01807
4,48,24.569113
4,49,20.71179
4,50,24.048645
4,51,22.777182
4,52,21.388378
4,53,27.990831
4,54,27.397575
4,55,26.901651
4,56,22.512108
4,57,16.84234
4,58,12.628482
4,59,7.415302
5,1,10.391543
5,2,7.21629
5,3,2.656261
5,4,5.22672
5,5,0
5,6,2.899882
5,7,1.987744
5,8,4.864569
5,9,11.252609
5,10,8.165906
5,11,3.220143
5,12,2.40241
5,13,5.838358
5,14,4.92758
5,15,7.05513
5,16,11.325305
5,17,5.501094
5,18,8.163899
5,19,13.789143
5,20,10.03212
5,21,7.650688
5,22,7.660498
5,23,13.904248
5,24,12.172397
5,25,11.09468
5,26,9.506012
5,27,9.112894
5,28,8.896947
5,29,16.720423
5,30,14.924607
5,31,11.589709
5,32,11.148745
5,33,11.045873
5,34,16.780182
5,35,13.186487
5,36,13.037863
5,37,19.069059
5,38,15.61549
5,39,15.332908
5,40,13.585003
5,41,13.476693
5,42,17.579823
5,43,15.309558
5,44,16.140095
5,45,16.527893
5,46,17.301571
5,47,21.498518
5,48,20.392918
5,49,17.960636
5,50,20.252092
5,51,19.624416
5,52,19.567562
5,53,23.573578
5,54,23.249138
5,55,23.155088
5,56,18.06584
5,57,12.491145
5,58,9.143885
5,59,5.622044
6,1,13.273298
6,2,10.087769
6,3,4.821548
6,4,2.680561
6,5,2.899882
6,6,0
6,7,4.854546
6,8,7.727803
6,9,14.12497
6,10,10.917736
6,11,5.020816
6,12,2.379676
6,13,3.935283
6,14,7.026438
6,15,9.40733
6,16,13.964515
6,17,6.570488
6,18,6.940493
6,19,16.478867
6,20,12.276499
6,21,9.301085
6,22,8.744701
6,23,16.260214
6,24,14.34851
6,25,13.054318
6,26,11.317866
6,27,9.511193
6,28,8.681446
6,29,18.96723
6,30,16.934214
6,31,12.760044
6,32,11.385277
6,33,10.612792
6,34,18.834379
6,35,14.563475
6,36,13.987813
6,37,21.160698
6,38,17.237228
6,39,16.695042
6,40,13.940699
6,41,13.274218
6,42,19.042839
6,43,15.994327
6,44,16.312456
6,45,16.221588
6,46,18.357639
6,47,23.352552
6,48,21.951584
6,49,18.452126
6,50,21.508516
6,51,20.403708
6,52,19.462635
6,53,25.338825
6,54,24.788866
6,55,24.379564
6,56,19.852032
6,57,14.185347
6,58,10.099283
6,59,5.196255
7,1,8.562896
7,2,5.443678
7,3,2.821581
7,4,7.206295
7,5,1.987744
7,6,4.854546
7,7,0
7,8,2.879008
7,9,9.273057
7,10,6.202335
7,11,2.685934
7,12,3.69102
7,13,7.26271
7,14,3.658323
7,15,5.394892
7,16,9.406715
7,17,5.111889
7,18,9.068817
7,19,11.840372
7,20,8.384501
7,21,6.560248
7,22,7.028302
7,23,12.139232
7,24,10.542099
7,25,9.636768
7,26,8.201529
7,27,8.896736
7,28,9.119472
7,29,15.006863
7,30,13.37776
7,31,10.703472
7,32,10.950014
7,33,11.309752
7,34,15.188479
7,35,12.10959
7,36,12.271349
7,37,17.439791
7,38,14.326109
7,39,14.228228
7,40,13.225148
7,41,13.505682
7,42,16.376616
7,43,14.680553
7,44,15.851541
7,45,16.561104
7,46,16.381657
7,47,20.006823
7,48,19.100348
7,49,17.421806
7,50,19.162943
7,51,18.866394
7,52,19.416977
7,53,22.128241
7,54,21.950632
7,55,22.064859
7,56,16.640354
7,57,11.199333
7,58,8.516598
7,59,6.278479
8,1,5.993279
8,2,3.193665
8,3,4.730701
8,4,10.06569
8,5,4.864569
8,6,7.727803
8,7,2.879008
8,8,0
8,9,6.397245
8,10,3.474225
8,11,4.194392
8,12,6.304362
8,13,9.762616
8,14,3.571601
8,15,3.795796
8,16,6.777086
8,17,5.996076
8,18,11.020919
8,19,9.103372
8,20,6.498371
8,21,6.057852
8,22,7.238221
8,23,9.848924
8,24,8.59478
8,25,8.101346
8,26,7.085136
8,27,9.520727
8,28,10.299566
8,29,12.783692
8,30,11.523115
8,31,10.172857
8,32,11.462713
8,33,12.422114
8,34,13.209006
8,35,11.179291
8,36,11.858408
8,37,15.356256
8,38,12.938773
8,39,13.173158
8,40,13.40028
8,41,14.221539
8,42,15.094993
8,43,14.395299
8,44,16.045717
8,45,17.194458
8,46,15.5817
8,47,18.15406
8,48,17.61471
8,49,17.202305
8,50,18.025827
8,51,18.275414
8,52,19.731676
8,53,20.338648
8,54,20.419943
8,55,20.885611
8,56,14.953688
8,57,9.916044
8,58,8.569532
8,59,8.164273
9,1,3.14944
9,2,4.955332
9,3,10.57272
9,4,16.415686
9,5,11.252609
9,6,14.12497
9,7,9.273057
9,8,6.397245
9,9,0
9,10,3.726872
9,11,10.092645
9,12,12.588244
9,13,15.876473
9,14,8.548875
9,15,6.614377
9,16,3.630751
9,17,10.989021
9,18,16.525045
9,19,4.165362
9,20,6.577978
9,21,9.291705
9,22,11.108762
9,23,7.027494
9,24,7.454302
9,25,8.360362
9,26,8.756295
9,27,13.486856
9,28,14.919381
9,29,9.593973
9,30,9.823712
9,31,12.066423
9,32,14.97111
9,33,16.735243
9,34,10.794879
9,35,12.006663
9,36,13.654
9,37,12.317322
9,38,12.305675
9,39,13.338185
9,40,16.087585
9,41,17.756393
9,42,14.417776
9,43,16.080517
9,44,18.493711
9,45,20.354219
9,46,16.014757
9,47,15.575564
9,48,16.12326
9,49,18.731087
9,50,17.400791
9,51,18.914465
9,52,22.137373
9,53,17.788076
9,54,18.584829
9,55,19.933435
9,56,13.189318
9,57,10.213747
9,58,11.868677
9,59,13.793842
10,1,5.067476
10,2,4.194243
10,3,8.18345
10,4,13.391253
10,5,8.165906
10,6,10.917736
10,7,6.202335
10,8,3.474225
10,9,3.726872
10,10,0
10,11,6.496249
10,12,9.136723
10,13,12.273854
10,14,4.838747
10,15,2.960793
10,16,3.315677
10,17,7.262216
10,18,12.800838
10,19,5.645983
10,20,4.050525
10,21,5.748461
10,22,7.498138
10,23,6.604356
10,24,5.806827
10,25,5.928959
10,26,5.679582
10,27,9.905343
10,28,11.242305
10,29,9.546393
10,30,8.691139
10,31,9.083957
10,32,11.523614
10,33,13.122795
10,34,10.194059
10,35,9.495064
10,36,10.764318
10,37,12.20726
10,38,10.590253
10,39,11.209649
10,40,12.914925
10,41,14.340162
10,42,12.786872
10,43,13.296591
10,44,15.446065
10,45,17.079544
10,46,13.81488
10,47,15.181282
10,48,15.018146
10,49,16.061384
10,50,15.798348
10,51,16.662851
10,52,19.148073
10,53,17.400566
10,54,17.731564
10,55,18.555489
10,56,12.202146
10,57,7.887701
10,58,8.408264
10,59,10.087228
11,1,10.169714
11,2,7.339187
11,3,5.320815
11,4,7.697058
11,5,3.220143
11,6,5.020816
11,7,2.685934
11,8,4.194392
11,9,10.092645
11,10,6.496249
11,11,0
11,12,2.811008
11,13,5.787085
11,14,2.019895
11,15,4.4611
11,16,9.211761
11,17,2.445572
11,18,6.831282
11,19,11.770967
11,20,7.262175
11,21,4.461194
11,22,4.493481
11,23,11.261328
11,24,9.327848
11,25,8.071998
11,26,6.391225
11,27,6.221034
11,28,6.474331
11,29,13.946877
11,30,11.945704
11,31,8.374699
11,32,8.276841
11,33,8.661343
11,34,13.836256
11,35,9.971416
11,36,9.84901
11,37,16.156105
11,38,12.451555
11,39,12.119084
11,40,10.595455
11,41,10.820061
11,42,14.382413
11,43,12.173877
11,44,13.206084
11,45,13.875177
11,46,14.087564
11,47,18.437313
11,48,17.219799
11,49,14.872059
11,50,17.034039
11,51,16.447435
11,52,16.74645
11,53,20.473724
11,54,20.074469
11,55,19.936451
11,56,14.967349
11,57,9.3417
11,58,5.988668
11,59,3.972965
12,1,12.207395
12,2,9.125842
12,3,5.04831
12,4,5.032726
12,5,2.40241
12,6,2.379676
12,7,3.69102
12,8,6.304362
12,9,12.588244
12,10,9.136723
12,11,2.811008
12,12,0
12,13,3.576264
12,14,4.825629
12,15,7.271891
12,16,11.991135
12,17,4.19577
12,18,5.766418
12,19,14.542243
12,20,10.044121
12,21,6.935822
12,22,6.382166
12,23,14.055285
12,24,12.074022
12,25,10.722613
12,26,8.965236
12,27,7.325959
12,28,6.773387
12,29,16.701544
12,30,14.601239
12,31,10.40251
12,32,9.282392
12,33,8.855752
12,34,16.50775
12,35,12.189014
12,36,11.671984
12,37,18.839323
12,38,14.858089
12,39,14.323785
12,40,11.805763
12,41,11.399783
12,42,16.666475
12,43,13.75386
12,44,14.26552
12,45,14.419838
12,46,16.031195
12,47,20.985359
12,48,19.5725
12,49,16.283472
12,50,19.153334
12,51,18.147161
12,52,17.560682
12,53,22.963181
12,54,22.410818
12,55,22.031366
12,56,17.480415
12,57,11.811586
12,58,7.764441
12,59,3.344665
13,1,15.726278
13,2,12.682218
13,3,8.353694
13,4,5.288299
13,5,5.838358
13,6,3.935283
13,7,7.26271
13,8,9.762616
13,9,15.876473
13,10,12.273854
13,11,5.787085
13,12,3.576264
13,13,0
13,14,7.548295
13,15,9.958386
13,16,14.811298
13,17,5.763763
13,18,3.198658
13,19,17.372749
13,20,12.341402
13,21,8.699773
13,22,7.422612
13,23,16.321575
13,24,14.144788
13,25,12.547674
13,26,10.716495
13,27,7.167509
13,28,5.724783
13,29,18.701263
13,30,16.29727
13,31,11.080492
13,32,8.66084
13,33,7.266266
13,34,18.204952
13,35,13.050087
13,36,11.933251
13,37,20.529955
13,38,15.951783
13,39,15.0528
13,40,11.189275
13,41,10.004602
13,42,17.455179
13,43,13.518063
13,44,13.283542
13,45,12.783598
13,46,16.243393
13,47,22.251438
13,48,20.420685
13,49,15.682627
13,50,19.564749
13,51,17.899349
13,52,16.122332
13,53,24.053053
13,54,23.169119
13,55,22.333103
13,56,18.730927
13,57,13.168379
13,58,8.394694
13,59,2.913735
14,1,9.135655
14,2,6.704188
14,3,6.4779
14,4,9.695122
14,5,4.92758
14,6,7.03
14,7,3.658323
14,8,3.571601
14,9,8.548875
14,10,4.838747
14,11,2.019895
14,12,4.825629
14,13,7.548295
14,14,0
14,15,2.463671
14,16,7.282454
14,17,2.549227
14,18,7.988944
14,19,9.846933
14,20,5.250073
14,21,2.908331
14,22,3.707176
14,23,9.242426
14,24,7.337056
14,25,6.170146
14,26,4.598357
14,27,5.94958
14,28,6.808479
14,29,11.945389
14,30,10.017424
14,31,7.083298
14,32,7.90663
14,33,8.88926
14,34,11.890736
14,35,8.451395
14,36,8.69294
14,37,14.198384
14,38,10.727415
14,39,10.572797
14,40,9.93822
14,41,10.652229
14,42,12.744074
14,43,11.160531
14,44,12.588736
14,45,13.636355
14,46,12.734828
14,47,16.572166
14,48,15.507942
14,49,13.940106
14,50,15.50808
14,51,15.262347
14,52,16.24622
14,53,18.646866
14,54,18.36319
14,55,18.411045
14,56,13.139812
14,57,7.596895
14,58,5.11193
14,59,5.248559
15,1,7.900927
15,2,6.223835
15,3,8.033098
15,4,12.05085
15,5,7.05513
15,6,9.40733
15,7,5.394892
15,8,3.795796
15,9,6.614377
15,10,2.960793
15,11,4.4611
15,12,7.271891
15,13,9.958386
15,14,2.463671
15,15,0
15,16,4.854046
15,17,4.506668
15,18,10.059762
15,19,7.414371
15,20,2.99258
15,21,2.821388
15,22,4.537488
15,23,6.871171
15,24,5.148582
15,25,4.357195
15,26,3.315856
15,27,6.946438
15,28,8.305589
15,29,9.6653
15,30,7.993073
15,31,6.562515
15,32,8.606718
15,33,10.162561
15,34,9.793641
15,35,7.405816
15,36,8.266816
15,37,12.049674
15,38,9.175439
15,39,9.378679
15,40,10.153981
15,41,11.428135
15,42,11.31542
15,43,10.823588
15,44,12.745656
15,45,14.228978
15,46,11.812857
15,47,14.634045
15,48,13.893458
15,49,13.62875
15,50,14.233175
15,51,14.546413
15,52,16.458353
15,53,16.776525
15,54,16.720877
15,55,17.098841
15,56,11.317877
15,57,6.124714
15,58,5.503657
15,59,7.48244
16,1,6.520857
16,2,7.039748
16,3,11.497381
16,4,16.51993
16,5,11.325305
16,6,13.964515
16,7,9.406715
16,8,6.777086
16,9,3.630751
16,10,3.315677
16,11,9.211761
16,12,11.991135
16,13,14.811298
16,14,7.282454
16,15,4.854046
16,16,0
16,17,9.285548
16,18,14.772243
16,19,2.564481
16,20,3.391381
16,21,6.887799
16,22,8.7447
16,23,3.625289
16,24,3.837344
16,25,4.939318
16,26,5.755285
16,27,10.949686
16,28,12.638489
16,29,6.468003
16,30,6.249045
16,31,8.81877
16,32,12.137082
16,33,14.195383
16,34,7.405296
16,35,8.506144
16,36,10.306639
16,37,9.194327
16,38,8.675748
16,39,9.728369
16,40,12.908233
16,41,14.824163
16,42,10.796717
16,43,12.64164
16,44,15.185058
16,45,17.22065
16,46,12.404191
16,47,12.331218
16,48,12.607522
16,49,15.223133
16,50,13.789645
16,51,15.303383
16,52,18.76333
16,53,14.561233
16,54,15.162572
16,55,16.365738
16,56,9.688169
16,57,6.683866
16,58,9.153267
16,59,12.302574
17,1,11.684563
17,2,9.179542
17,3,7.759196
17,4,9.186544
17,5,5.501094
17,6,6.570488
17,7,5.111889
17,8,5.996076
17,9,10.989021
17,10,7.262216
17,11,2.445572
17,12,4.19577
17,13,5.763763
17,14,2.549227
17,15,4.506668
17,16,9.285548
17,17,0
17,18,5.559826
17,19,11.812833
17,20,6.593653
17,21,2.960982
17,22,2.208222
17,23,10.55871
17,24,8.387071
17,25,6.833707
17,26,5.009629
17,27,3.785507
17,28,4.303517
17,29,12.967675
17,30,10.656321
17,31,6.224168
17,32,5.838133
17,33,6.438221
17,34,12.572263
17,35,7.993471
17,36,7.574192
17,37,14.908644
17,38,10.693673
17,39,10.128313
17,40,8.154558
17,41,8.432452
17,42,12.472375
17,43,9.808605
17,44,10.760872
17,45,11.476264
17,46,11.895875
17,47,16.88265
17,48,15.38546
17,49,12.469572
17,50,14.971252
17,51,14.137084
17,52,14.305981
17,53,18.818991
17,54,18.219584
17,55,17.856815
17,56,13.362668
17,57,7.696576
17,58,3.658474
17,59,3.034076
18,1,16.965683
18,2,14.167658
18,3,10.814621
18,4,8.485074
18,5,8.163899
18,6,6.940493
18,7,9.068817
18,8,11.020919
18,9,16.525045
18,10,12.800838
18,11,6.831282
18,12,5.766418
18,13,3.198658
18,14,7.988944
18,15,10.059762
18,16,14.772243
18,17,5.559826
18,18,0
18,19,17.257778
18,20,11.822463
18,21,8.011316
18,22,6.299904
18,23,15.572756
18,24,13.287182
18,25,11.5413
18,26,9.78243
18,27,5.065232
18,28,3.181427
18,29,17.602671
18,30,14.98672
18,31,9.189244
18,32,6.029556
18,33,4.195964
18,34,16.833803
18,35,11.178766
18,36,9.676681
18,37,19.094507
18,38,14.139493
18,39,12.993382
18,40,8.41786
18,41,6.921063
18,42,15.36548
18,43,10.877899
18,44,10.287429
18,45,9.610362
18,46,13.795831
18,47,20.422354
18,48,18.308628
18,49,12.807003
18,50,17.173489
18,51,15.158681
18,52,12.967938
18,53,22.060022
18,54,20.950665
18,55,19.834404
18,56,16.96224
18,57,11.698884
18,58,6.74618
18,59,2.85846
19,1,7.305783
19,2,8.743548
19,3,13.756107
19,4,19.004608
19,5,13.789143
19,6,16.478867
19,7,11.840372
19,8,9.103372
19,9,4.165362
19,10,5.645983
19,11,11.770967
19,12,14.542243
19,13,17.372749
19,14,9.846933
19,15,7.414371
19,16,2.564481
19,17,11.812833
19,18,17.257778
19,19,0
19,20,5.575998
19,21,9.295949
19,22,11.126607
19,23,3.596274
19,24,5.118235
19,25,6.695006
19,26,7.911017
19,27,13.224559
19,28,14.996476
19,29,5.617503
19,30,6.534574
19,31,10.617125
19,32,14.226767
19,33,16.427895
19,34,7.042275
19,35,9.895129
19,36,11.926996
19,37,8.279202
19,38,9.299448
19,39,10.669207
19,40,14.688204
19,41,16.805056
19,42,11.209367
19,43,14.051641
19,44,16.768972
19,45,18.992533
19,46,13.272442
19,47,11.580855
19,48,12.468077
19,49,16.43581
19,50,14.058493
19,51,16.119818
19,52,20.206553
19,53,13.76477
19,54,14.742151
19,55,16.370674
19,56,9.557246
19,57,8.082006
19,58,11.372006
19,59,14.839072
20,1,8.882461
20,2,8.194602
20,3,10.978715
20,4,14.943897
20,5,10.03212
20,6,12.276499
20,7,8.384501
20,8,6.498371
20,9,6.577978
20,10,4.050525
20,11,7.262175
20,12,10.044121
20,13,12.341402
20,14,5.250073
20,15,2.99258
20,16,3.391381
20,17,6.593653
20,18,11.822463
20,19,5.575998
20,20,0
20,21,3.811547
20,22,5.587203
20,23,4.020977
20,24,2.157934
20,25,1.892649
20,26,2.371113
20,27,7.650045
20,28,9.430035
20,29,6.703832
20,30,5.043939
20,31,5.503639
20,32,8.751201
20,33,10.8667
20,34,6.809105
20,35,5.532314
20,36,7.076061
20,37,9.057143
20,38,6.584222
20,39,7.162543
20,40,9.566596
20,41,11.433335
20,42,8.777939
20,43,9.52053
20,44,11.922692
20,45,13.867664
20,46,9.783682
20,47,11.690323
20,48,11.152148
20,49,12.214803
20,50,11.777109
20,51,12.649577
20,52,15.559408
20,53,13.857126
20,54,13.936051
20,55,14.56872
20,56,8.455609
20,57,3.850385
20,58,5.809795
20,59,9.606717
21,1,10.721986
21,2,8.884611
21,3,9.381715
21,4,11.968135
21,5,7.650688
21,6,9.301085
21,7,6.560248
21,8,6.057852
21,9,9.291705
21,10,5.748461
21,11,4.461194
21,12,6.935822
21,13,8.699773
21,14,2.908331
21,15,2.821388
21,16,6.887799
21,17,2.960982
21,18,8.011316
21,19,9.295949
21,20,3.811547
21,21,0
21,22,1.863698
21,23,7.665239
21,24,5.449063
21,25,3.873638
21,26,2.056394
21,27,4.195783
21,28,5.758441
21,29,10.009296
21,30,7.714444
21,31,4.194443
21,32,5.785894
21,33,7.450677
21,34,9.629832
21,35,5.564724
21,36,5.840481
21,37,11.966946
21,38,7.993225
21,39,7.700921
21,40,7.412282
21,41,8.607032
21,42,9.92917
21,43,8.353815
21,44,10.037811
21,45,11.420112
21,46,9.826499
21,47,14.051502
21,48,12.758687
21,49,11.155653
21,50,12.633387
21,51,12.373048
21,52,13.743478
21,53,16.049271
21,54,15.613275
21,55,15.538077
21,56,10.553717
21,57,4.896959
21,58,2.68417
21,59,5.873084
22,1,12.367938
22,2,10.275105
22,3,9.784222
22,4,11.326077
22,5,7.660498
22,6,8.744701
22,7,7.028302
22,8,7.238221
22,9,11.108762
22,10,7.498138
22,11,4.493481
22,12,6.382166
22,13,7.422612
22,14,3.707176
22,15,4.537488
22,16,8.7447
22,17,2.208222
22,18,6.299904
22,19,11.126607
22,20,5.587203
22,21,1.863698
22,22,0
22,23,9.273252
22,24,6.992069
22,25,5.268124
22,26,3.484308
22,27,2.414829
22,28,3.895672
22,29,11.395256
22,30,8.896508
22,31,4.021273
22,32,4.233441
22,33,5.630016
22,34,10.795768
22,35,5.837985
22,36,5.380266
22,37,13.114066
22,38,8.623917
22,39,7.95589
22,40,6.24896
22,41,7.026414
22,42,10.320947
22,43,7.681787
22,44,8.896818
22,45,9.961927
22,46,9.688419
22,47,14.882895
22,48,13.25498
22,49,10.398078
22,50,12.771807
22,51,11.964693
22,52,12.541449
22,53,16.75947
22,54,16.074766
22,55,15.653431
22,56,11.356365
22,57,5.748615
22,58,1.496291
22,59,4.511229
23,1,10.076111
23,2,10.605093
23,3,14.54381
23,4,18.915577
23,5,13.904248
23,6,16.260214
23,7,12.139232
23,8,9.848924
23,9,7.027494
23,10,6.604356
23,11,11.261328
23,12,14.055285
23,13,16.321575
23,14,9.242426
23,15,6.871171
23,16,3.625289
23,17,10.55871
23,18,15.572756
23,19,3.596274
23,20,4.020977
23,21,7.665239
23,22,9.273252
23,23,0
23,24,2.302863
23,25,4.094652
23,26,5.790723
23,27,10.980167
23,28,12.906943
23,29,2.945389
23,30,2.945466
23,31,7.693833
23,32,11.582145
23,33,13.994582
23,34,3.791563
23,35,6.602329
23,36,8.762766
23,37,5.615846
23,38,5.705766
23,39,7.124206
23,40,11.616863
23,41,13.937495
23,42,7.628611
23,43,10.680431
23,44,13.487031
23,45,15.851386
23,46,9.694183
23,47,8.707473
23,48,9.100977
23,49,12.940496
23,50,10.520842
23,51,12.52888
23,52,16.802946
23,53,10.937728
23,54,11.574279
23,55,12.942852
23,56,6.165707
23,57,4.891842
23,58,9.086247
23,59,13.534634
24,1,10.184837
24,2,9.999267
24,3,13.128349
24,4,17.024448
24,5,12.172397
24,6,14.34851
24,7,10.542099
24,8,8.59478
24,9,7.454302
24,10,5.806827
24,11,9.327848
24,12,12.074022
24,13,14.144788
24,14,7.337056
24,15,5.148582
24,16,3.837344
24,17,8.387071
24,18,13.287182
24,19,5.118235
24,20,2.157934
24,21,5.449063
24,22,6.992069
24,23,2.302863
24,24,0
24,25,1.795579
24,26,3.508432
24,27,8.680998
24,28,10.604202
24,29,4.62823
24,30,2.933608
24,31,5.557589
24,32,9.351426
24,33,11.723008
24,34,4.652835
24,35,4.804564
24,36,6.809448
24,37,6.902599
24,38,4.912035
24,39,5.891083
24,40,9.591463
24,41,11.798219
24,42,7.084228
24,43,8.971616
24,44,11.654195
24,45,13.884796
24,46,8.566855
24,47,9.560959
24,48,9.21132
24,49,11.45811
24,50,10.101626
24,51,11.466125
24,52,15.127358
24,53,11.744477
24,54,11.937871
24,55,12.792556
24,56,6.416378
24,57,2.975831
24,58,6.786206
24,59,11.318646
25,1,10.766223
25,2,10.035112
25,3,12.355275
25,4,15.734069
25,5,11.09468
25,6,13.054318
25,7,9.636768
25,8,8.101346
25,9,8.360362
25,10,5.928959
25,11,8.071998
25,12,10.722613
25,13,12.547674
25,14,6.170146
25,15,4.357195
25,16,4.939318
25,17,6.833707
25,18,11.5413
25,19,6.695006
25,20,1.892649
25,21,3.873638
25,22,5.268124
25,23,4.094652
25,24,1.795579
25,25,0
25,26,1.831219
25,27,6.886016
25,28,8.81475
25,29,6.156191
25,30,3.880016
25,31,3.934865
25,32,7.597093
25,33,9.936738
25,34,5.785378
25,35,3.662298
25,36,5.36806
25,37,8.118843
25,38,4.838645
25,39,5.281997
25,40,8.025757
25,41,10.114332
25,42,7.008077
25,43,7.72746
25,44,10.247595
25,45,12.341285
25,46,7.892259
25,47,10.404341
25,48,9.536275
25,49,10.375311
25,50,9.97688
25,51,10.756989
25,52,13.828391
25,53,12.498198
25,54,12.365472
25,55,12.806723
25,56,7.003704
25,57,1.959738
25,58,4.991681
25,59,9.680949
26,1,10.734376
26,2,9.468384
26,3,10.989179
26,4,13.99236
26,5,9.506012
26,6,11.317866
26,7,8.201529
26,8,7.085136
26,9,8.756295
26,10,5.679582
26,11,6.391225
26,12,8.965236
26,13,10.716495
26,14,4.598357
26,15,3.315856
26,16,5.755285
26,17,5.009629
26,18,9.78243
26,19,7.911017
26,20,2.371113
26,21,2.056394
26,22,3.484308
26,23,5.790723
26,24,3.508432
26,25,1.831219
26,26,0
26,27,5.333013
26,28,7.183214
26,29,7.986192
26,30,5.658649
26,31,3.404846
26,32,6.38203
26,33,8.516938
26,34,7.573734
26,35,4.0947
26,36,5.087396
26,37,9.910813
26,38,6.131292
26,39,6.114184
26,40,7.335973
26,41,9.084512
26,42,8.180218
26,43,7.629724
26,44,9.799469
26,45,11.599434
26,46,8.500008
26,47,12.049766
26,48,10.911104
26,49,10.41326
26,50,11.020056
26,51,11.233608
26,52,13.487926
26,53,14.084245
26,54,13.765718
26,55,13.909678
26,56,8.576734
26,57,3.000849
26,58,3.462806
26,59,7.852944
27,1,14.779791
27,2,12.619596
27,3,11.503617
27,4,11.864273
27,5,9.112894
27,6,9.511193
27,7,8.896736
27,8,9.520727
27,9,13.486856
27,10,9.905343
27,11,6.221034
27,12,7.325959
27,13,7.167509
27,14,5.94958
27,15,6.946438
27,16,10.949686
27,17,3.785507
27,18,5.065232
27,19,13.224559
27,20,7.650045
27,21,4.195783
27,22,2.414829
27,23,10.980167
27,24,8.680998
27,25,6.886016
27,26,5.333013
27,27,0
27,28,1.987684
27,29,12.726195
27,30,10.033159
27,31,4.124013
27,32,2.056559
27,33,3.261773
27,34,11.838723
27,35,6.114565
27,36,4.768594
27,37,14.068219
27,38,9.07499
27,39,7.97855
27,40,4.490301
27,41,4.705686
27,42,10.371154
27,43,6.498787
27,44,7.028543
27,45,7.71841
27,46,9.084328
27,47,15.364744
27,48,13.331561
27,49,8.958771
27,50,12.397242
27,51,10.914969
27,52,10.526011
27,53,17.041172
27,54,16.037853
27,55,15.174692
27,56,11.897443
27,57,6.719268
27,58,1.895433
27,59,4.466853
28,1,15.911178
28,2,13.481758
28,3,11.466933
28,4,10.780152
28,5,8.896947
28,6,8.681446
28,7,9.119472
28,8,10.299566
28,9,14.919381
28,10,11.242305
28,11,6.474331
28,12,6.773387
28,13,5.724783
28,14,6.808479
28,15,8.305589
28,16,12.638489
28,17,4.303517
28,18,3.181427
28,19,14.996476
28,20,9.430035
28,21,5.758441
28,22,3.895672
28,23,12.906943
28,24,10.604202
28,25,8.81475
28,26,7.183214
28,27,1.987684
28,28,0
28,29,14.709843
28,30,12.020836
28,31,6.068078
28,32,2.945884
28,33,2.190286
28,34,13.823757
28,35,8.042744
28,36,6.495823
28,37,16.045345
28,38,11.000794
28,39,9.816749
28,40,5.465032
28,41,4.627902
28,42,12.184922
28,43,7.820066
28,44,7.660719
28,45,7.650482
28,46,10.656702
28,47,17.263918
28,48,15.127204
28,49,9.96889
28,50,14.024051
28,51,12.180593
28,52,10.803742
28,53,18.881454
28,54,17.775202
28,55,16.721951
28,56,13.823081
28,57,8.706857
28,58,3.837819
28,59,3.492937
29,1,12.72379
29,2,13.500715
29,3,17.463348
29,4,21.639904
29,5,16.720423
29,6,18.96723
29,7,15.006863
29,8,12.783692
29,9,9.593973
29,10,9.546393
29,11,13.946877
29,12,16.701544
29,13,18.701263
29,14,11.945389
29,15,9.6653
29,16,6.468003
29,17,12.967675
29,18,17.602671
29,19,5.617503
29,20,6.703832
29,21,10.009296
29,22,11.395256
29,23,2.945389
29,24,4.62823
29,25,6.156191
29,26,7.986192
29,27,12.726195
29,28,14.709843
29,29,0
29,30,2.792891
29,31,8.91361
29,32,12.906697
29,33,15.455496
29,34,1.764673
29,35,7.292604
29,36,9.509832
29,37,2.738872
29,38,5.186946
29,39,6.911564
29,40,12.360456
29,41,14.896786
29,42,6.437448
29,43,10.854131
29,44,13.758696
29,45,16.331182
29,46,9.050858
29,47,5.985434
29,48,7.008543
29,49,12.62756
29,50,8.917749
29,51,11.622492
29,52,16.687576
29,53,8.194108
29,54,9.135744
29,55,10.938018
29,56,4.233071
29,57,6.051934
29,58,10.893018
29,59,15.836879
30,1,12.767745
30,2,12.867043
30,3,16.015633
30,4,19.614056
30,5,14.924607
30,6,16.934214
30,7,13.37776
30,8,11.523115
30,9,9.823712
30,10,8.691139
30,11,11.945704
30,12,14.601239
30,13,16.29727
30,14,10.017424
30,15,7.993073
30,16,6.249045
30,17,10.656321
30,18,14.98672
30,19,6.534574
30,20,5.043939
30,21,7.714444
30,22,8.896508
30,23,2.945466
30,24,2.933608
30,25,3.880016
30,26,5.658649
30,27,10.033159
30,28,12.020836
30,29,2.792891
30,30,0
30,31,6.137032
30,32,10.124466
30,33,12.683177
30,34,1.916004
30,35,4.506486
30,36,6.730871
30,37,4.252914
30,38,2.82139
30,39,4.39923
30,40,9.594064
30,41,12.111607
30,42,4.683976
30,43,8.225855
30,44,11.115385
30,45,13.634944
30,46,6.842191
30,47,6.647079
30,48,6.384574
30,49,10.239657
30,50,7.602455
30,51,9.63
30,52,14.217546
30,53,8.816521
30,54,9.04391
30,55,10.117819
30,56,3.513834
30,57,3.315935
30,58,8.243395
30,59,13.397253
31,1,14.138422
31,2,12.784205
31,3,13.520011
31,4,15.319016
31,5,11.589709
31,6,12.760044
31,7,10.703472
31,8,10.172857
31,9,12.066423
31,10,9.083957
31,11,8.374699
31,12,10.40251
31,13,11.080492
31,14,7.083298
31,15,6.562515
31,16,8.81877
31,17,6.224168
31,18,9.189244
31,19,10.617125
31,20,5.503639
31,21,4.194443
31,22,4.021273
31,23,7.693833
31,24,5.557589
31,25,3.934865
31,26,3.404846
31,27,4.124013
31,28,6.068078
31,29,8.91361
31,30,6.137032
31,31,0
31,32,3.995257
31,33,6.546227
31,34,7.839179
31,35,1.995101
31,36,1.704514
31,37,10.005354
31,38,4.9526
31,39,3.990044
31,40,4.094882
31,41,6.249054
31,42,6.387246
31,43,4.26148
31,44,6.428677
31,45,8.41118
31,46,5.712905
31,47,11.25184
31,48,9.348938
31,49,7.066418
31,50,8.750835
31,51,8.180349
31,52,10.096784
31,53,12.981174
31,54,12.130181
31,55,11.63283
31,56,7.774157
31,57,2.894562
31,58,2.713676
31,59,8.212892
32,1,16.505241
32,2,14.506934
32,3,13.558482
32,4,13.623376
32,5,11.148745
32,6,11.385277
32,7,10.950014
32,8,11.462713
32,9,14.97111
32,10,11.523614
32,11,8.276841
32,12,9.282392
32,13,8.66084
32,14,7.90663
32,15,8.606718
32,16,12.137082
32,17,5.838133
32,18,6.029556
32,19,14.226767
32,20,8.751201
32,21,5.785894
32,22,4.233441
32,23,11.582145
32,24,9.351426
32,25,7.597093
32,26,6.38203
32,27,2.056559
32,28,2.945884
32,29,12.906697
32,30,10.124466
32,31,3.995257
32,32,0
32,33,2.589995
32,34,11.777628
32,35,5.758337
32,36,3.837779
32,37,13.86697
32,38,8.616555
32,39,7.229331
32,40,2.564855
32,41,2.821704
32,42,9.518106
32,43,4.87588
32,44,4.996902
32,45,5.731745
32,46,7.770699
32,47,14.728253
32,48,12.409607
32,49,7.08913
32,50,11.152875
32,51,9.238625
32,52,8.469693
32,53,16.213881
32,54,14.977551
32,55,13.806453
32,56,11.395485
32,57,6.883832
32,58,3.116503
32,59,6.2219
33,1,17.918018
33,2,15.589161
33,3,13.636367
33,4,12.510077
33,5,11.045873
33,6,10.612792
33,7,11.309752
33,8,12.422114
33,9,16.735243
33,10,13.122795
33,11,8.661343
33,12,8.855752
33,13,7.266266
33,14,8.88926
33,15,10.162561
33,16,14.195383
33,17,6.438221
33,18,4.195964
33,19,16.427895
33,20,10.8667
33,21,7.450677
33,22,5.630016
33,23,13.994582
33,24,11.723008
33,25,9.936738
33,26,8.516938
33,27,3.261773
33,28,2.190286
33,29,15.455496
33,30,12.683177
33,31,6.546227
33,32,2.589995
33,33,0
33,34,14.359855
33,35,8.347632
33,36,6.392435
33,37,16.456951
33,38,11.199903
33,39,9.775189
33,40,4.444699
33,41,2.739327
33,42,12.01477
33,43,6.983842
33,44,6.095114
33,45,5.608829
33,46,10.052258
33,47,17.264635
33,48,14.858509
33,49,8.662394
33,50,13.428954
33,51,11.098229
33,52,8.883798
33,53,18.683992
33,54,17.340637
33,55,15.951516
33,56,13.967141
33,57,9.411099
33,58,5.057389
33,59,5.518481
34,1,13.864736
34,2,14.302715
34,3,17.77935
34,4,21.514791
34,5,16.780182
34,6,18.834379
34,7,15.188479
34,8,13.209006
34,9,10.794879
34,10,10.194059
34,11,13.836256
34,12,16.50775
34,13,18.204952
34,14,11.890736
34,15,9.793641
34,16,7.405296
34,17,12.572263
34,18,16.833803
34,19,7.042275
34,20,6.809105
34,21,9.629832
34,22,10.795768
34,23,3.791563
34,24,4.652835
34,25,5.785378
34,26,7.573734
34,27,11.838723
34,28,13.823757
34,29,1.764673
34,30,1.916004
34,31,7.839179
34,32,11.777628
34,33,14.359855
34,34,0
34,35,6.037919
34,36,8.189296
34,37,2.337121
34,38,3.581276
34,39,5.323338
34,40,10.976911
34,41,13.568091
34,42,4.674416
34,43,9.294093
34,44,12.194878
34,45,14.811267
34,46,7.324687
34,47,4.987247
34,48,5.426834
34,49,10.93189
34,50,7.192919
34,51,9.861223
34,52,15.011028
34,53,7.209231
34,54,7.790368
34,55,9.340058
34,56,2.543094
34,57,5.134923
34,58,10.088242
34,59,15.301661
35,1,14.414162
35,2,13.48104
35,3,14.92743
35,4,17.162067
35,5,13.186487
35,6,14.563475
35,7,12.10959
35,8,11.179291
35,9,12.006663
35,10,9.495064
35,11,9.971416
35,12,12.189014
35,13,13.050087
35,14,8.451395
35,15,7.405816
35,16,8.506144
35,17,7.993471
35,18,11.178766
35,19,9.895129
35,20,5.532314
35,21,5.564724
35,22,5.837985
35,23,6.602329
35,24,4.804564
35,25,3.662298
35,26,4.0947
35,27,6.114565
35,28,8.042744
35,29,7.292604
35,30,4.506486
35,31,1.995101
35,32,5.758337
35,33,8.347632
35,34,6.037919
35,35,0
35,36,2.230588
35,37,8.111567
35,38,2.960773
35,39,2.14866
35,40,5.107158
35,41,7.605258
35,42,4.483254
35,43,4.167123
35,44,6.894827
35,45,9.262609
35,46,4.407171
35,47,9.256754
35,48,7.421805
35,49,6.725927
35,50,7.0703
35,51,7.185685
35,52,10.322945
35,53,11.003057
35,54,10.236784
35,55,9.974982
35,56,5.78373
35,57,1.833856
35,58,4.657629
35,59,10.166374
36,1,15.807667
36,2,14.488719
36,3,15.074857
36,4,16.471033
36,5,13.037863
36,6,13.987813
36,7,12.271349
36,8,11.858408
36,9,13.654
36,10,10.764318
36,11,9.84901
36,12,11.671984
36,13,11.933251
36,14,8.69294
36,15,8.266816
36,16,10.306639
36,17,7.574192
36,18,9.676681
36,19,11.926996
36,20,7.076061
36,21,5.840481
36,22,5.380266
36,23,8.762766
36,24,6.809448
36,25,5.36806
36,26,5.087396
36,27,4.768594
36,28,6.495823
36,29,9.509832
36,30,6.730871
36,31,1.704514
36,32,3.837779
36,33,6.392435
36,34,8.189296
36,35,2.230588
36,36,0
36,37,10.153435
36,38,4.838768
36,39,3.391561
36,40,2.879238
36,41,5.390749
36,42,5.705989
36,43,2.556966
36,44,4.880033
36,45,7.09427
36,46,4.375495
36,47,10.890603
36,48,8.63411
36,49,5.362791
36,50,7.63606
36,51,6.602633
36,52,8.483683
36,53,12.409102
36,54,11.289017
36,55,10.444886
36,56,7.577132
36,57,3.881355
36,58,3.919755
36,59,9.170074
37,1,15.453744
37,2,16.214708
37,3,19.983784
37,4,23.841257
37,5,19.069059
37,6,21.160698
37,7,17.439791
37,8,15.356256
37,9,12.317322
37,10,12.20726
37,11,16.156105
37,12,18.839323
37,13,20.529955
37,14,14.198384
37,15,12.049674
37,16,9.194327
37,17,14.908644
37,18,19.094507
37,19,8.279202
37,20,9.057143
37,21,11.966946
37,22,13.114066
37,23,5.615846
37,24,6.902599
37,25,8.118843
37,26,9.910813
37,27,14.068219
37,28,16.045345
37,29,2.738872
37,30,4.252914
37,31,10.005354
37,32,13.86697
37,33,16.456951
37,34,2.337121
37,35,8.111567
37,36,10.153435
37,37,0
37,38,5.332532
37,39,6.988839
37,40,12.824218
37,41,15.455347
37,42,5.590338
37,43,10.884285
37,44,13.727505
37,45,16.40346
37,46,8.443407
37,47,3.315583
37,48,5.012171
37,49,12.099554
37,50,7.322401
37,51,10.572546
37,52,16.196075
37,53,5.485811
37,54,6.655983
37,55,8.825661
37,56,3.000713
37,57,7.411647
37,58,12.358215
37,59,17.623465
38,1,15.096059
38,2,14.768244
38,3,17.097603
38,4,19.876303
38,5,15.61549
38,6,17.237228
38,7,14.326109
38,8,12.938773
38,9,12.305675
38,10,10.590253
38,11,12.451555
38,12,14.858089
38,13,15.951783
38,14,10.727415
38,15,9.175439
38,16,8.675748
38,17,10.693673
38,18,14.139493
38,19,9.299448
38,20,6.584222
38,21,7.993225
38,22,8.623917
38,23,5.705766
38,24,4.912035
38,25,4.838645
38,26,6.131292
38,27,9.07499
38,28,11.000794
38,29,5.186946
38,30,2.82139
38,31,4.9526
38,32,8.616555
38,33,11.199903
38,34,3.581276
38,35,2.960773
38,36,4.838768
38,37,5.332532
38,38,0
38,39,1.742085
38,40,7.498214
38,41,10.124671
38,42,2.196733
38,43,5.713022
38,44,8.613704
38,45,11.234127
38,46,4.021055
38,47,6.309352
38,48,4.780597
38,49,7.476209
38,50,5.210781
38,51,6.824046
38,52,11.510094
38,53,8.135883
38,54,7.636329
38,55,7.985405
38,56,2.82304
38,57,3.130693
38,58,7.563548
38,59,13.051187
39,1,15.962686
39,2,15.305946
39,3,17.041414
39,4,19.280937
39,5,15.332908
39,6,16.695042
39,7,14.228228
39,8,13.173158
39,9,13.338185
39,10,11.209649
39,11,12.119084
39,12,14.323785
39,13,15.0528
39,14,10.572797
39,15,9.378679
39,16,9.728369
39,17,10.128313
39,18,12.993382
39,19,10.669207
39,20,7.162543
39,21,7.700921
39,22,7.95589
39,23,7.124206
39,24,5.891083
39,25,5.281997
39,26,6.114184
39,27,7.97855
39,28,9.816749
39,29,6.911564
39,30,4.39923
39,31,3.990044
39,32,7.229331
39,33,9.775189
39,34,5.323338
39,35,2.14866
39,36,3.391561
39,37,6.988839
39,38,1.742085
39,39,0
39,40,5.855035
39,41,8.495181
39,42,2.402384
39,43,3.971436
39,44,6.871627
39,45,9.49594
39,46,2.676621
39,47,7.499145
39,48,5.368027
39,49,5.845686
39,50,4.935366
39,51,5.576364
39,52,9.82499
39,53,9.067785
39,54,8.140425
39,55,7.83909
39,56,4.234399
39,57,3.329317
39,58,6.703544
39,59,12.19875
40,1,17.978849
40,2,16.296886
40,3,15.913657
40,4,16.187632
40,5,13.585003
40,6,13.940699
40,7,13.225148
40,8,13.40028
40,9,16.087585
40,10,12.914925
40,11,10.595455
40,12,11.805763
40,13,11.189275
40,14,9.93822
40,15,10.153981
40,16,12.908233
40,17,8.154558
40,18,8.41786
40,19,14.688204
40,20,9.566596
40,21,7.412282
40,22,6.24896
40,23,11.616863
40,24,9.591463
40,25,8.025757
40,26,7.335973
40,27,4.490301
40,28,5.465032
40,29,12.360456
40,30,9.594064
40,31,4.094882
40,32,2.564855
40,33,4.444699
40,34,10.976911
40,35,5.107158
40,36,2.879238
40,37,12.824218
40,38,7.498214
40,39,5.855035
40,40,0
40,41,2.64133
40,42,7.857841
40,43,2.543267
40,44,2.65058
40,45,4.316346
40,46,5.647383
40,47,13.158579
40,48,10.574306
40,49,4.524349
40,50,9.004942
40,51,6.743595
40,52,6.335339
40,53,14.411576
40,54,12.952839
40,55,11.507984
40,56,10.075058
40,57,6.725164
40,58,4.834924
40,59,8.78616
41,1,19.326944
41,2,17.298037
41,3,15.996522
41,4,15.237401
41,5,13.476693
41,6,13.274218
41,7,13.505682
41,8,14.221539
41,9,17.756393
41,10,14.340162
41,11,10.820061
41,12,11.399783
41,13,10.004602
41,14,10.652229
41,15,11.428135
41,16,14.824163
41,17,8.432452
41,18,6.921063
41,19,16.805056
41,20,11.433335
41,21,8.607032
41,22,7.026414
41,23,13.937495
41,24,11.798219
41,25,10.114332
41,26,9.084512
41,27,4.705686
41,28,4.627902
41,29,14.896786
41,30,12.111607
41,31,6.249054
41,32,2.821704
41,33,2.739327
41,34,13.568091
41,35,7.605258
41,36,5.390749
41,37,15.455347
41,38,10.124671
41,39,8.495181
41,40,2.64133
41,41,0
41,42,10.473946
41,43,4.996926
41,44,3.439862
41,45,3.060253
41,46,8.121498
41,47,15.772456
41,48,13.126797
41,49,6.125232
41,50,11.400142
41,51,8.68348
41,52,6.188427
41,53,16.958046
41,54,15.397102
41,55,13.719891
41,56,12.716297
41,57,9.078427
41,58,5.932118
41,59,8.110669
42,1,17.256464
42,2,16.964657
42,3,19.169357
42,4,21.645258
42,5,17.579823
42,6,19.042839
42,7,16.376616
42,8,15.094993
42,9,14.417776
42,10,12.786872
42,11,14.382413
42,12,16.666475
42,13,17.455179
42,14,12.744074
42,15,11.31542
42,16,10.796717
42,17,12.472375
42,18,15.36548
42,19,11.209367
42,20,8.777939
42,21,9.92917
42,22,10.320947
42,23,7.628611
42,24,7.084228
42,25,7.008077
42,26,8.180218
42,27,10.371154
42,28,12.184922
42,29,6.437448
42,30,4.683976
42,31,6.387246
42,32,9.518106
42,33,12.01477
42,34,4.674416
42,35,4.483254
42,36,5.705989
42,37,5.590338
42,38,2.196733
42,39,2.402384
42,40,7.857841
42,41,10.473946
42,42,0
42,43,5.576417
42,44,8.282138
42,45,10.977419
42,46,2.856457
42,47,5.300767
42,48,2.965726
42,49,6.509298
42,50,3.01887
42,51,5.188066
42,52,10.606156
42,53,6.703115
42,54,5.754303
42,55,5.799082
42,56,2.589635
42,57,5.204282
42,58,9.098907
42,59,14.599051
43,1,18.323914
43,2,17.045685
43,3,17.459761
43,4,18.361059
43,5,15.309558
43,6,15.994327
43,7,14.680553
43,8,14.395299
43,9,16.080517
43,10,13.296591
43,11,12.173877
43,12,13.75386
43,13,13.518063
43,14,11.160531
43,15,10.823588
43,16,12.64164
43,17,9.808605
43,18,10.877899
43,19,14.051641
43,20,9.52053
43,21,8.353815
43,22,7.681787
43,23,10.680431
43,24,8.971616
43,25,7.72746
43,26,7.629724
43,27,6.498787
43,28,7.820066
43,29,10.854131
43,30,8.225855
43,31,4.26148
43,32,4.87588
43,33,6.983842
43,34,9.294093
43,35,4.167123
43,36,2.556966
43,37,10.884285
43,38,5.713022
43,39,3.971436
43,40,2.543267
43,41,4.996926
43,42,5.576417
43,43,0
43,44,2.905032
43,45,5.531132
43,46,3.130763
43,47,10.839916
43,48,8.13397
43,49,2.809176
43,50,6.465509
43,51,4.416307
43,52,6.156897
43,53,11.962194
43,54,10.430148
43,55,8.980492
43,56,7.985792
43,57,5.999335
43,58,6.185653
43,59,10.951982
44,1,20.513287
44,2,18.9186
44,3,18.515608
44,4,18.434877
44,5,16.140095
44,6,16.312456
44,7,15.851541
44,8,16.045717
44,9,18.493711
44,10,15.446065
44,11,13.206084
44,12,14.26552
44,13,13.283542
44,14,12.588736
44,15,12.745656
44,16,15.185058
44,17,10.760872
44,18,10.287429
44,19,16.768972
44,20,11.922692
44,21,10.037811
44,22,8.896818
44,23,13.487031
44,24,11.654195
44,25,10.247595
44,26,9.799469
44,27,7.028543
44,28,7.660719
44,29,13.758696
44,30,11.115385
44,31,6.428677
44,32,4.996902
44,33,6.095114
44,34,12.194878
44,35,6.894827
44,36,4.880033
44,37,13.727505
44,38,8.613704
44,39,6.871627
44,40,2.65058
44,41,3.439862
44,42,8.282138
44,43,2.905032
44,44,0
44,45,2.69545
44,46,5.544396
44,47,13.416355
44,48,10.549966
44,49,2.751999
44,50,8.502674
44,51,5.390585
44,52,3.712704
44,53,14.293912
44,54,12.509079
44,55,10.54245
44,56,10.784988
44,57,8.687908
44,58,7.484458
44,59,11.118052
45,1,22.118629
45,2,20.227137
45,3,19.055769
45,4,18.063795
45,5,16.527893
45,6,16.221588
45,7,16.561104
45,8,17.194458
45,9,20.354219
45,10,17.079544
45,11,13.875177
45,12,14.419838
45,13,12.783598
45,14,13.636355
45,15,14.228978
45,16,17.22065
45,17,11.476264
45,18,9.610362
45,19,18.992533
45,20,13.867664
45,21,11.420112
45,22,9.961927
45,23,15.851386
45,24,13.884796
45,25,12.341285
45,26,11.599434
45,27,7.71841
45,28,7.650482
45,29,16.331182
45,30,13.634944
45,31,8.41118
45,32,5.731745
45,33,5.608829
45,34,14.811267
45,35,9.262609
45,36,7.09427
45,37,16.40346
45,38,11.234127
45,39,9.49594
45,40,4.316346
45,41,3.060253
45,42,10.977419
45,43,5.531132
45,44,2.69545
45,45,0
45,46,8.229385
45,47,16.097677
45,48,13.205948
45,49,5.095657
45,50,11.074886
45,51,7.718308
45,52,3.387557
45,53,16.912718
45,54,15.051206
45,55,12.897982
45,56,13.472965
45,57,10.975624
45,58,8.740807
45,59,11.103929
46,1,18.621132
46,2,17.86199
46,3,19.20277
46,4,20.846413
46,5,17.301571
46,6,18.357639
46,7,16.381657
46,8,15.5817
46,9,16.014757
46,10,13.81488
46,11,14.087564
46,12,16.031195
46,13,16.243393
46,14,12.734828
46,15,11.812857
46,16,12.404191
46,17,11.895875
46,18,13.795831
46,19,13.272442
46,20,9.783682
46,21,9.826499
46,22,9.688419
46,23,9.694183
46,24,8.566855
46,25,7.892259
46,26,8.500008
